0.061629	0.948058	0.857493	0.867968	0.562784	0.202836	0.948058	0.948058	0.429305	0.429305	0.314926	0.202836	0.314926	0.562784	0.314926	0.314926	0.314926	0.314926	0.316092	0.202836	
0.323752	0.031043	0.571234	0.867968	0.562784	0.867968	0.948058	0.948058	0.202836	0.202836	0.562784	0.202836	0.562784	0.562784	0.562784	0.314926	0.127104	0.562784	0.314926	0.453205	
0.857493	0.948058	0.162004	0.287278	0.867968	0.562784	0.948058	0.562784	0.948058	0.253423	0.202836	0.314926	0.562784	0.314926	0.127104	0.202836	0.202836	0.314926	0.033404	0.316092	
0.031043	0.845539	0.867968	0.948058	0.948058	0.562784	0.562784	0.182511	0.369677	0.562784	0.562784	0.429305	0.562784	0.562784	0.202836	0.562784	0.314926	0.453205	0.202836	0.316092	
0.077769	0.326805	0.948058	0.562784	0.031043	0.948058	0.253423	0.253423	0.948058	0.948058	0.948058	0.562784	0.314926	0.202836	0.314926	0.562784	0.314926	0.562784	0.314926	0.202836	
0.162004	0.867968	0.287278	0.948058	0.948058	0.562784	0.948058	0.562784	0.948058	0.562784	0.562784	0.562784	0.562784	0.453205	0.562784	0.453205	0.314926	0.127104	0.202836	0.314926	
0.723733	0.796184	0.948058	0.162004	0.948058	0.162004	0.948058	0.202836	0.562784	0.562784	0.758850	0.314926	0.562784	0.562784	0.314926	0.562784	0.994153	0.562784	0.314926	0.314926	
0.571234	0.857493	0.948058	0.948058	0.948058	0.948058	0.182511	0.948058	0.948058	0.562784	0.562784	0.562784	0.562784	0.562784	0.314926	0.562784	0.562784	0.127104	0.202836	0.314926	
0.845539	0.304816	0.857493	0.867968	0.253423	0.182511	0.031043	0.202836	0.948058	0.562784	0.562784	0.562784	0.562784	0.562784	0.562784	0.314926	0.562784	0.202836	0.127104	0.316092	
0.938829	0.948058	0.031043	0.162004	0.867968	0.948058	0.948058	0.948058	0.562784	0.948058	0.369677	0.562784	0.562784	0.562784	0.562784	0.127104	0.314926	0.127104	0.314926	0.202836	
0.948058	0.867968	0.948058	0.867968	0.845539	0.857493	0.182511	0.562784	0.202836	0.202836	0.202836	0.562784	0.202836	0.562784	0.202836	0.202836	0.314926	0.202836	0.127104	0.202836	
0.697051	0.657588	0.867968	0.857493	0.948058	0.867968	0.562784	0.948058	0.562784	0.562784	0.562784	0.562784	0.562784	0.562784	0.562784	0.202836	0.202836	0.202836	0.314926	0.314926	
0.734519	0.845539	0.948058	0.948058	0.948058	0.948058	0.948058	0.948058	0.562784	0.948058	0.562784	0.758850	0.562784	0.202836	0.202836	0.562784	0.562784	0.562784	0.562784	0.562784	
0.867968	0.948058	0.867968	0.031043	0.253423	0.562784	0.369677	0.369677	0.562784	0.562784	0.562784	0.562784	0.562784	0.562784	0.562784	0.562784	0.202836	0.033404	0.316092	0.033404	
0.115629	0.162004	0.162004	0.845539	0.304816	0.948058	0.253423	0.948058	0.948058	0.429305	0.314926	0.314926	0.429305	0.314926	0.202836	0.562784	0.202836	0.314926	0.316092	0.316092	
0.286687	0.938829	0.867968	0.061629	0.948058	0.948058	0.369677	0.253423	0.562784	0.562784	0.314926	0.562784	0.562784	0.314926	0.033404	0.562784	0.314926	0.314926	0.314926	0.314926	
0.072167	0.867968	0.867968	0.948058	0.867968	0.562784	0.562784	0.948058	0.562784	0.429305	0.562784	0.562784	0.314926	0.562784	0.562784	0.033404	0.316092	0.314926	0.314926	0.314926	
0.304816	0.938829	0.948058	0.562784	0.867968	0.948058	0.562784	0.182511	0.369677	0.562784	0.948058	0.562784	0.562784	0.562784	0.562784	0.202836	0.202836	0.314926	0.202836	0.202836	
0.326805	0.061629	0.562784	0.948058	0.189095	0.562784	0.948058	0.562784	0.202836	0.562784	0.429305	0.562784	0.562784	0.562784	0.562784	0.562784	0.202836	0.316092	0.562784	0.202836	
0.703130	0.734519	0.304816	0.857493	0.189095	0.867968	0.948058	0.948058	0.948058	0.429305	0.562784	0.562784	0.562784	0.562784	0.562784	0.562784	0.033404	0.314926	0.314926	0.314926	
0.938829	0.304816	0.031043	0.304816	0.562784	0.948058	0.562784	0.562784	0.562784	0.562784	0.948058	0.562784	0.314926	0.314926	0.314926	0.562784	0.127104	0.316092	0.127104	0.202836	
0.119482	0.162004	0.867968	0.253423	0.867968	0.031043	0.182511	0.562784	0.948058	0.202836	0.562784	0.202836	0.314926	0.202836	0.314926	0.202836	0.202836	0.994153	0.314926	0.314926	
0.796184	0.304816	0.845539	0.948058	0.948058	0.314926	0.202836	0.562784	0.429305	0.562784	0.562784	0.562784	0.562784	0.562784	0.202836	0.314926	0.127104	0.202836	0.314926	0.314926	
0.831327	0.948058	0.948058	0.948058	0.867968	0.182511	0.948058	0.202836	0.369677	0.562784	0.562784	0.562784	0.202836	0.562784	0.453205	0.994153	0.562784	0.756864	0.127104	0.562784	
0.867968	0.845539	0.061629	0.867968	0.948058	0.948058	0.948058	0.562784	0.369677	0.562784	0.948058	0.562784	0.562784	0.314926	0.562784	0.314926	0.562784	0.127104	0.314926	0.562784	
0.845539	0.571234	0.031043	0.938829	0.948058	0.948058	0.948058	0.314926	0.948058	0.314926	0.562784	0.694001	0.562784	0.861232	0.562784	0.314926	0.994153	0.314926	0.562784	0.316092	
0.908640	0.562784	0.948058	0.867968	0.948058	0.948058	0.562784	0.202836	0.429305	0.562784	0.202836	0.202836	0.202836	0.314926	0.033404	0.562784	0.453205	0.928571	0.562784	0.127104	
0.948058	0.948058	0.857493	0.162004	0.562784	0.202836	0.314926	0.369677	0.562784	0.562784	0.429305	0.562784	0.562784	0.562784	0.202836	0.314926	0.314926	0.202836	0.928571	0.314926	
0.562784	0.031043	0.845539	0.304816	0.162004	0.562784	0.202836	0.948058	0.202836	0.948058	0.429305	0.562784	0.314926	0.562784	0.562784	0.202836	0.314926	0.314926	0.202836	0.033404	
0.571234	0.027100	0.162004	0.948058	0.857493	0.253423	0.202836	0.562784	0.562784	0.314926	0.202836	0.562784	0.202836	0.429305	0.562784	0.314926	0.314926	0.316092	0.453205	0.314926	
0.273096	0.697051	0.304816	0.857493	0.562784	0.562784	0.562784	0.562784	0.948058	0.948058	0.562784	0.314926	0.562784	0.202836	0.314926	0.562784	0.202836	0.994153	0.127104	0.127104	
0.764209	0.948058	0.287278	0.061629	0.316901	0.162004	0.562784	0.723014	0.562784	0.562784	0.562784	0.429305	0.453205	0.562784	0.562784	0.641664	0.562784	0.562784	0.562784	0.314926	
0.571234	0.845539	0.948058	0.867968	0.867968	0.177258	0.948058	0.948058	0.758850	0.562784	0.626099	0.562784	0.562784	0.314926	0.897478	0.202836	0.202836	0.202836	0.202836	0.316092	
0.734519	0.948058	0.948058	0.867968	0.182511	0.948058	0.562784	0.562784	0.948058	0.407929	0.562784	0.562784	0.562784	0.562784	0.293807	0.756864	0.314926	0.314926	0.314926	0.127104	
0.162004	0.867968	0.119482	0.562784	0.314926	0.202836	0.693582	0.948058	0.202836	0.562784	0.562784	0.562784	0.861232	0.562784	0.314926	0.562784	0.314926	0.314926	0.202836	0.314926	
0.845539	0.119482	0.253423	0.948058	0.948058	0.948058	0.562784	0.202836	0.314926	0.202836	0.562784	0.202836	0.314926	0.314926	0.562784	0.202836	0.314926	0.314926	0.314926	0.453205	
0.287278	0.867968	0.948058	0.162004	0.948058	0.948058	0.202836	0.182511	0.562784	0.948058	0.694001	0.314926	0.562784	0.562784	0.562784	0.127104	0.994153	0.314926	0.562784	0.314926	
0.948058	0.304816	0.948058	0.867968	0.562784	0.948058	0.948058	0.314926	0.562784	0.948058	0.758850	0.562784	0.202836	0.562784	0.314926	0.314926	0.314926	0.127104	0.562784	0.192632	
0.550147	0.857493	0.845539	0.304816	0.948058	0.867968	0.948058	0.948058	0.562784	0.562784	0.562784	0.758850	0.562784	0.127104	0.314926	0.562784	0.928571	0.202836	0.562784	0.562784	
0.440497	0.657588	0.562784	0.845539	0.948058	0.369677	0.948058	0.369677	0.562784	0.758850	0.314926	0.562784	0.562784	0.562784	0.202836	0.314926	0.562784	0.314926	0.314926	0.314926	
0.532229	0.287278	0.162004	0.948058	0.177258	0.162004	0.562784	0.562784	0.562784	0.035619	0.562784	0.314926	0.314926	0.562784	0.562784	0.033404	0.127104	0.994153	0.314926	0.127104	
0.796184	0.571234	0.948058	0.948058	0.367138	0.948058	0.369677	0.253423	0.253423	0.787131	0.562784	0.224248	0.562784	0.562784	0.033404	0.314926	0.756864	0.314926	0.316092	0.316092	
0.657588	0.571234	0.304816	0.948058	0.938829	0.948058	0.948058	0.369677	0.562784	0.562784	0.562784	0.562784	0.314926	0.562784	0.562784	0.562784	0.562784	0.314926	0.033404	0.202836	
0.723733	0.162004	0.867968	0.948058	0.857493	0.562784	0.948058	0.562784	0.562784	0.562784	0.202836	0.562784	0.429305	0.562784	0.562784	0.316092	0.314926	0.314926	0.127104	0.314926	
0.027100	0.550147	0.867968	0.189095	0.202836	0.182511	0.562784	0.562784	0.562784	0.369677	0.562784	0.314926	0.562784	0.033404	0.562784	0.202836	0.316092	0.994153	0.314926	0.316092	
0.304816	0.867968	0.061629	0.867968	0.031043	0.948058	0.948058	0.948058	0.202836	0.948058	0.562784	0.562784	0.562784	0.562784	0.994153	0.562784	0.314926	0.127104	0.127104	0.033404	
0.867968	0.061629	0.304816	0.948058	0.587900	0.253423	0.948058	0.948058	0.948058	0.948058	0.562784	0.562784	0.562784	0.562784	0.562784	0.314926	0.314926	0.202836	0.316092	0.202836	
0.147727	0.845539	0.857493	0.948058	0.162004	0.948058	0.031043	0.202836	0.948058	0.948058	0.562784	0.562784	0.562784	0.562784	0.314926	0.562784	0.127104	0.033404	0.314926	0.314926	
0.561862	0.162004	0.938829	0.948058	0.948058	0.948058	0.177258	0.429305	0.562784	0.562784	0.202836	0.562784	0.562784	0.314926	0.314926	0.314926	0.202836	0.314926	0.202836	0.314926	
0.697051	0.703130	0.162004	0.562784	0.253423	0.867968	0.948058	0.562784	0.948058	0.562784	0.429305	0.429305	0.314926	0.202836	0.562784	0.994153	0.562784	0.127104	0.202836	0.314926	
