3.449070	0.455719	0.420469	0.416101	0.447340	0.440702	0.466179	0.539059	0.417915	0.365849	0.346275	0.403755	0.378447	0.506047	0.398885	0.360279	0.460001	0.413364	0.378774	0.363602	
0.503362	0.932585	0.544994	0.360534	0.462760	0.472918	0.478588	0.434537	0.517389	0.420459	0.497051	0.386274	0.483759	0.459071	0.436420	0.454761	0.405585	0.425825	0.407986	0.378285	
5.477244	0.542787	0.599707	0.490063	0.553459	0.450947	0.552232	0.491237	0.438006	0.424112	0.416613	0.440684	0.442894	0.416536	0.455368	0.422117	0.383897	0.398559	0.380363	0.388197	
0.494836	0.439242	0.466634	0.475835	0.370395	0.434074	0.444087	0.418889	0.506443	0.490784	0.450521	0.428306	0.434907	0.485180	0.432342	0.424761	0.421351	0.355251	0.365934	0.377174	
0.497156	1.172199	0.530761	0.396676	0.399360	0.508289	0.417292	0.443177	0.465743	0.447178	0.442786	0.482010	0.415049	0.393425	0.480697	0.411751	0.381011	0.406125	0.415374	0.392771	
0.479351	1.586072	0.466200	0.473289	0.434559	0.370451	0.448349	0.465370	0.480853	0.442783	0.459566	0.385074	0.386064	0.446279	0.436034	0.468456	0.364078	0.413937	0.407774	0.421895	
3.396453	1.491193	0.493293	0.404417	0.447480	0.516380	0.418345	0.414157	0.505875	0.452437	0.465225	0.465286	0.414525	0.425170	0.420316	0.422608	0.406417	0.459556	0.370332	0.436114	
0.647476	4.513087	0.392915	0.514223	0.482733	0.429219	0.374393	0.421188	0.376642	0.460613	0.402826	0.446292	0.436901	0.437390	0.370365	0.478374	0.413658	0.479951	0.442942	0.391335	
0.721427	0.497206	0.441041	0.531183	0.553536	0.475313	0.451649	0.423530	0.466384	0.468494	0.418712	0.497224	0.362895	0.394620	0.484940	0.410988	0.374609	0.400057	0.388935	0.442949	
0.757137	0.504695	1.462349	0.488542	0.470638	0.451597	0.440501	0.423200	0.432560	0.531817	0.389478	0.389773	0.474972	0.435051	0.420790	0.455166	0.407673	0.374021	0.411437	0.415021	
2.202956	0.877316	0.477249	0.463387	0.531252	0.405473	0.547206	0.500376	0.438433	0.422107	0.467450	0.547104	0.430616	0.493985	0.410893	0.409550	0.408372	0.370637	0.417204	0.384582	
1.447508	1.449650	0.493503	0.733647	0.529417	0.514590	0.458273	0.490755	0.463475	0.444273	0.414190	0.432887	0.373085	0.478932	0.475210	0.458006	0.417651	0.448968	0.482249	0.373596	
2.144827	0.442020	0.703218	0.713146	0.592701	0.424290	0.478441	0.503746	0.435955	0.460546	0.447349	0.448066	0.373906	0.481977	0.531778	0.440427	0.429996	0.461647	0.422505	0.376944	
3.358480	0.752025	0.448429	0.550755	0.448970	0.428929	0.414317	0.470440	0.464216	0.367378	0.508649	0.405948	0.393717	0.350388	0.435149	0.411702	0.401063	0.392407	0.414675	0.438857	
0.934050	0.596679	0.546277	0.809577	0.534790	0.446302	0.404157	0.483687	0.469665	0.527866	0.503956	0.462958	0.474375	0.411828	0.451973	0.421101	0.367687	0.425350	0.398149	0.398836	
0.577384	0.490206	0.594691	0.426879	0.487293	0.489772	0.362215	0.504435	0.468839	0.441542	0.422955	0.459588	0.350959	0.419086	0.425712	0.365342	0.393905	0.425309	0.484281	0.368322	
0.784186	0.574842	0.553842	0.513728	0.487746	0.411111	0.446374	0.467188	0.404451	0.544341	0.501970	0.408134	0.472540	0.376258	0.446243	0.422202	0.373156	0.442859	0.384127	0.451114	
0.499908	0.511772	0.754077	0.482064	0.484867	0.418688	0.591983	0.493948	0.486022	0.474828	0.477500	0.435428	0.437422	0.413231	0.396655	0.356761	0.379234	0.355841	0.409407	0.392714	
1.121089	0.442641	0.746928	0.416596	0.507939	0.535982	0.505621	0.517077	0.498558	0.422301	0.488615	0.490304	0.440183	0.425839	0.384113	0.473227	0.450013	0.462657	0.403496	0.403739	
0.694240	1.398498	0.698081	0.479466	0.419354	0.522385	0.465041	0.483821	0.460637	0.452759	0.457530	0.433471	0.519946	0.438932	0.386825	0.374569	0.352888	0.400293	0.386994	0.435370	
1.414996	0.554233	0.520219	0.594514	0.451412	0.436219	0.422368	0.408937	0.444877	0.456578	0.487415	0.529168	0.416044	0.434374	0.488534	0.366464	0.476997	0.422092	0.328956	0.424679	
3.935107	0.516443	0.468203	0.516954	0.552637	0.457414	0.437838	0.441997	0.491869	0.466767	0.366089	0.514503	0.441869	0.447840	0.400056	0.388601	0.449961	0.405478	0.403720	0.379926	
2.786043	0.466708	0.775002	0.588251	0.467313	0.414493	0.492477	0.423092	0.444700	0.501249	0.476903	0.420623	0.519415	0.379916	0.344217	0.415739	0.373482	0.395296	0.390449	0.410324	
0.557266	0.518257	2.579224	0.451738	0.426730	0.493456	0.507322	0.513688	1.067247	0.427092	0.414400	0.413405	0.404241	0.436915	0.373414	0.380378	0.364451	0.410992	0.391209	0.542330	
0.546113	0.660137	0.491699	0.458604	0.475909	0.467336	0.434537	0.400362	0.474041	0.390446	0.472503	0.441849	0.399455	0.415769	0.367427	0.385016	0.410455	0.428425	0.414108	0.397296	
1.546243	0.587725	0.558106	0.508538	0.446752	0.433639	0.494913	0.456610	0.472632	0.453795	0.480425	0.463063	0.423055	0.436407	0.464757	0.422982	0.468004	0.391123	0.358042	0.399781	
1.301274	0.660202	0.547446	0.441200	0.494391	0.476243	0.492253	0.437114	0.430415	0.484290	0.467898	0.450420	0.496438	0.432978	0.386125	0.447090	0.425853	0.427366	0.485423	0.455057	
1.100338	0.570980	0.515308	0.464813	0.400985	0.541370	0.383053	0.475782	0.489304	0.426484	0.442857	0.403344	0.430492	0.505586	0.428949	0.360812	0.433618	0.387664	0.425448	0.415805	
1.157143	0.503201	1.036834	0.472511	0.465086	0.475927	0.489114	0.449600	0.500641	0.459290	0.394504	0.447958	0.443071	0.361000	0.475277	0.443741	0.422778	0.443330	0.432423	0.472505	
1.650515	0.529430	0.642690	0.466253	0.507102	0.417043	0.493061	0.483235	0.445978	0.398219	0.442668	0.438770	0.460205	0.426034	0.486275	0.437707	0.439377	0.385400	0.396209	0.496697	
0.761022	0.451561	0.708309	0.638187	0.746671	0.445264	0.433629	0.428886	0.459476	0.463966	0.417728	0.383002	0.431754	0.441012	0.424059	0.428741	0.411713	0.433234	0.411202	0.401684	
0.685737	1.183275	0.616576	0.664372	0.495139	0.489371	0.484985	0.406882	0.388985	0.375600	0.410435	0.460461	0.500223	0.450500	0.386518	0.385418	0.412252	0.403372	0.399242	0.493241	
1.220529	1.062002	0.682448	0.568156	0.467285	0.476656	0.368534	0.434067	0.464013	0.495177	0.421733	0.397775	0.384677	0.431161	0.424273	0.370790	0.356193	0.394094	0.545525	0.453442	
0.532289	0.464354	0.530077	0.412221	0.490147	0.551660	0.479817	0.487418	0.532768	0.409090	0.465485	1.375393	0.437864	0.446142	0.423245	0.439168	0.472105	0.462136	0.411812	0.435592	
0.460758	1.779839	3.267006	0.435762	0.446785	0.545425	2.130812	0.468314	0.461052	0.480958	0.427760	0.391846	0.480340	0.456379	0.371253	0.422075	0.392485	0.381894	0.396538	0.561033	
0.504630	0.528111	0.466088	0.432990	0.464334	0.432646	0.513968	0.434117	0.434408	0.422679	0.402190	0.408137	0.516979	0.388958	0.421379	0.532812	0.363332	0.750546	0.446686	0.361154	
1.200403	0.608594	0.548142	0.537113	0.477293	0.419240	0.468487	0.430146	0.411999	0.442108	0.400091	0.472059	0.415925	0.419568	0.418511	0.428343	0.397999	0.434674	0.434145	0.395931	
4.497157	0.474942	1.191362	0.487429	0.461831	0.506088	0.517660	0.501166	0.501501	0.439991	0.483967	0.479830	0.436387	0.384668	0.459788	0.430210	0.396332	0.410360	0.386916	0.574021	
0.441604	0.946446	0.423436	0.523675	0.507274	0.501349	0.365578	0.505108	0.536861	0.491848	0.401491	0.462723	0.413734	0.414327	0.429442	0.407586	0.685017	0.399431	0.453748	0.414827	
7.930594	0.783039	0.412026	0.446478	0.468662	0.525519	0.505301	0.474810	0.475264	0.437170	0.437662	2.096491	0.417729	0.379332	0.426786	0.939061	0.470252	0.439757	0.426096	0.404905	
1.734669	0.658865	0.531719	0.448307	0.358882	0.443354	0.456387	0.547168	0.451924	0.447227	0.558517	0.434289	0.484877	0.486257	0.423180	0.432062	0.486795	0.452968	0.409737	0.354805	
0.625343	0.575388	0.479929	0.628911	0.434832	0.438758	0.430362	0.524922	0.460307	0.417512	0.509380	0.417273	0.509963	0.449588	0.731735	0.391604	0.379086	0.439001	0.400991	0.402019	
4.019997	2.583524	0.589860	0.534763	0.642614	0.456131	0.488886	0.467485	0.448418	0.388552	0.482454	0.452730	0.418838	0.408404	0.413240	0.476031	0.345380	0.465782	0.390875	0.396861	
0.461403	1.100737	1.130569	0.499523	0.448337	0.401497	0.379971	0.416190	0.472180	0.539517	0.439750	0.473516	0.390217	0.408017	0.480966	0.362955	0.392404	0.419307	0.367590	0.437955	
0.536386	6.231502	0.601354	2.579154	2.446388	0.482329	0.433324	0.531538	0.434034	0.418511	0.420943	0.396341	0.448631	0.450321	0.447696	0.426679	0.427541	0.453653	0.423730	0.409866	
0.629563	0.734105	0.545126	0.522657	0.467589	0.362733	0.477357	0.435739	0.491154	0.466478	0.456498	0.428275	0.383596	0.422710	0.477257	0.435971	0.380275	0.422397	0.392057	0.508307	
6.507289	0.652088	0.503142	0.458154	0.383652	0.402072	0.432859	0.443661	0.468579	0.447671	0.393490	0.530798	0.497725	0.384856	0.469153	0.370359	0.460739	0.369282	0.431088	0.390558	
0.587653	0.536823	0.483517	0.495916	0.435713	0.447374	0.463452	0.510527	0.952187	0.421539	0.431268	0.467752	0.382552	0.357097	0.486781	0.437255	0.364200	0.405640	0.466091	0.492694	
1.409828	0.507217	0.474327	0.487797	0.451813	0.539628	0.429145	0.492824	0.407294	0.933403	2.283778	0.463672	0.451415	0.407189	0.442532	0.387160	0.369165	0.405177	0.370944	0.396350	
0.420603	0.784369	0.514642	0.459982	0.472407	0.441273	0.435732	0.460543	0.477485	0.490673	0.425868	0.435964	0.466040	0.448893	0.412137	0.423201	0.487214	0.368755	0.406344	0.436340	
