0.460700	0.961675	0.266902	0.961675	0.961675	0.517600	0.961675	0.961675	0.961675	0.961675	0.961675	0.517600	0.517600	0.961675	0.961675	0.961675	0.961675	0.961675	0.517600	0.517600	
0.571445	0.539652	0.517600	0.460700	0.961675	0.474927	0.961675	0.961675	0.313626	0.517600	0.961675	0.517600	0.961675	0.961675	0.961675	0.961675	0.961675	0.517600	0.961675	0.517600	
0.266902	0.961675	0.835199	0.343620	0.961675	0.517600	0.961675	0.961675	0.961675	0.336475	0.517600	0.961675	0.961675	0.351790	0.961675	0.517600	0.517600	0.961675	0.573635	0.517600	
0.539652	0.232374	0.961675	0.961675	0.961675	0.961675	0.517600	0.494870	0.762979	0.961675	0.961675	0.961675	0.961675	0.961675	0.517600	0.517600	0.961675	0.517600	0.517600	0.517600	
0.707147	0.011921	0.961675	0.961675	0.539652	0.973761	0.336475	0.961675	0.961675	0.171923	0.961675	0.517600	0.961675	0.517600	0.517600	0.517600	0.961675	0.517600	0.961675	0.517600	
0.835199	0.474927	0.343620	0.961675	0.961675	0.680362	0.961675	0.961675	0.961675	0.961675	0.517600	0.961675	0.517600	0.517600	0.961675	0.517600	0.517600	0.961675	0.517600	0.961675	
0.182075	0.834117	0.961675	0.084111	0.961675	0.835199	0.973761	0.517600	0.961675	0.961675	0.517600	0.961675	0.961675	0.517600	0.961675	0.961675	0.961675	0.351790	0.961675	0.961675	
0.517600	0.266902	0.961675	0.961675	0.961675	0.961675	0.494870	0.727774	0.973761	0.961675	0.961675	0.961675	0.961675	0.961675	0.961675	0.961675	0.961675	0.961675	0.517600	0.961675	
0.232374	0.835199	0.494870	0.460700	0.460700	0.494870	0.539652	0.517600	0.961675	0.961675	0.517600	0.961675	0.517600	0.961675	0.517600	0.961675	0.351790	0.517600	0.961675	0.517600	
0.271793	0.961675	0.539652	0.835199	0.474927	0.961675	0.961675	0.973761	0.961675	0.961675	0.067703	0.517600	0.517600	0.961675	0.351790	0.961675	0.961675	0.961675	0.961675	0.517600	
0.961675	0.474927	0.961675	0.474927	0.494870	0.494870	0.494870	0.517600	0.517600	0.517600	0.517600	0.961675	0.517600	0.961675	0.517600	0.517600	0.961675	0.517600	0.961675	0.517600	
0.494870	0.439474	0.474927	0.494870	0.961675	0.460700	0.961675	0.961675	0.961675	0.961675	0.961675	0.961675	0.517600	0.517600	0.961675	0.517600	0.517600	0.517600	0.961675	0.961675	
0.680689	0.232374	0.961675	0.961675	0.651501	0.961675	0.961675	0.961675	0.961675	0.961675	0.961675	0.517600	0.517600	0.517600	0.517600	0.517600	0.961675	0.961675	0.961675	0.517600	
0.474927	0.961675	0.474927	0.539652	0.232374	0.517600	0.961675	0.961675	0.961675	0.517600	0.961675	0.517600	0.189692	0.961675	0.961675	0.961675	0.517600	0.573635	0.517600	0.573635	
0.333903	0.835199	0.835199	0.232374	0.680362	0.961675	0.961675	0.171923	0.727774	0.961675	0.961675	0.961675	0.961675	0.517600	0.517600	0.351790	0.517600	0.961675	0.517600	0.517600	
0.747522	0.271793	0.460700	0.460700	0.961675	0.961675	0.961675	0.336475	0.961675	0.961675	0.961675	0.961675	0.961675	0.961675	0.961675	0.961675	0.961675	0.961675	0.961675	0.961675	
0.396465	0.474927	0.474927	0.961675	0.460700	0.961675	0.961675	0.961675	0.517600	0.961675	0.961675	0.961675	0.961675	0.961675	0.517600	0.573635	0.517600	0.517600	0.961675	0.961675	
0.637252	0.232374	0.961675	0.961675	0.474927	0.651501	0.517600	0.494870	0.961675	0.961675	0.961675	0.961675	0.189692	0.517600	0.189692	0.961675	0.961675	0.961675	0.517600	0.517600	
0.011921	0.460700	0.517600	0.961675	0.961675	0.961675	0.517600	0.961675	0.517600	0.961675	0.961675	0.961675	0.961675	0.961675	0.517600	0.961675	0.551610	0.517600	0.573635	0.517600	
0.304342	0.082824	0.637252	0.266902	0.961675	0.517600	0.651501	0.961675	0.171923	0.961675	0.517600	0.517600	0.961675	0.961675	0.517600	0.517600	0.573635	0.961675	0.961675	0.961675	
0.271793	0.126464	0.539652	0.680362	0.961675	0.961675	0.961675	0.961675	0.961675	0.171923	0.961675	0.517600	0.961675	0.961675	0.961675	0.517600	0.961675	0.517600	0.961675	0.961675	
0.651501	0.835199	0.474927	0.232374	0.460700	0.539652	0.494870	0.961675	0.961675	0.517600	0.961675	0.517600	0.517600	0.517600	0.961675	0.517600	0.517600	0.961675	0.961675	0.961675	
0.834117	0.637252	0.232374	0.961675	0.961675	0.961675	0.517600	0.961675	0.961675	0.961675	0.961675	0.961675	0.961675	0.517600	0.961675	0.961675	0.961675	0.517600	0.961675	0.961675	
0.332792	0.961675	0.961675	0.961675	0.474927	0.494870	0.961675	0.517600	0.961675	0.961675	0.961675	0.961675	0.517600	0.517600	0.517600	0.961675	0.961675	0.517600	0.961675	0.961675	
0.474927	0.494870	0.460700	0.474927	0.961675	0.961675	0.961675	0.961675	0.758921	0.517600	0.517600	0.961675	0.961675	0.517600	0.961675	0.961675	0.961675	0.961675	0.961675	0.351790	
0.232374	0.517600	0.539652	0.271793	0.961675	0.961675	0.961675	0.961675	0.961675	0.961675	0.517600	0.517600	0.961675	0.961675	0.517600	0.961675	0.961675	0.517600	0.961675	0.517600	
0.478351	0.517600	0.961675	0.961675	0.961675	0.961675	0.961675	0.517600	0.961675	0.517600	0.517600	0.517600	0.517600	0.351790	0.961675	0.961675	0.517600	0.517600	0.351790	0.961675	
0.961675	0.961675	0.947814	0.835199	0.517600	0.517600	0.961675	0.762979	0.517600	0.517600	0.961675	0.961675	0.961675	0.961675	0.961675	0.961675	0.961675	0.551610	0.517600	0.517600	
0.120931	0.539652	0.494870	0.517600	0.835199	0.961675	0.517600	0.961675	0.517600	0.961675	0.961675	0.189692	0.961675	0.961675	0.961675	0.961675	0.517600	0.961675	0.517600	0.573635	
0.517600	0.332792	0.232374	0.651501	0.494870	0.961675	0.517600	0.961675	0.517600	0.961675	0.517600	0.961675	0.517600	0.961675	0.351790	0.517600	0.961675	0.517600	0.517600	0.961675	
0.121638	0.494870	0.637252	0.961675	0.961675	0.961675	0.517600	0.517600	0.171923	0.961675	0.961675	0.517600	0.189692	0.517600	0.517600	0.961675	0.517600	0.961675	0.961675	0.961675	
0.680689	0.961675	0.343620	0.460700	0.517600	0.835199	0.517600	0.961675	0.961675	0.961675	0.517600	0.961675	0.517600	0.189692	0.517600	0.517600	0.961675	0.961675	0.351790	0.862659	
0.517600	0.232374	0.800084	0.474927	0.460700	0.494870	0.961675	0.973761	0.517600	0.961675	0.961675	0.517600	0.517600	0.351790	0.517600	0.517600	0.961675	0.517600	0.517600	0.517600	
0.082824	0.961675	0.961675	0.460700	0.494870	0.961675	0.961675	0.961675	0.961675	0.336475	0.961675	0.517600	0.961675	0.517600	0.961675	0.517600	0.961675	0.961675	0.517600	0.961675	
0.835199	0.474927	0.651501	0.517600	0.961675	0.517600	0.494870	0.171923	0.517600	0.961675	0.961675	0.961675	0.961675	0.457929	0.961675	0.961675	0.517600	0.961675	0.517600	0.961675	
0.232374	0.651501	0.232374	0.961675	0.961675	0.961675	0.961675	0.313626	0.961675	0.517600	0.517600	0.517600	0.961675	0.961675	0.961675	0.961675	0.517600	0.961675	0.961675	0.517600	
0.343620	0.474927	0.961675	0.835199	0.961675	0.961675	0.517600	0.494870	0.961675	0.727774	0.517600	0.961675	0.961675	0.517600	0.961675	0.961675	0.961675	0.961675	0.961675	0.517600	
0.961675	0.637252	0.961675	0.474927	0.961675	0.961675	0.961675	0.961675	0.961675	0.961675	0.517600	0.961675	0.517600	0.961675	0.517600	0.961675	0.098975	0.961675	0.517600	0.517600	
0.521120	0.947814	0.494870	0.680362	0.961675	0.474927	0.727774	0.961675	0.961675	0.517600	0.961675	0.252109	0.517600	0.961675	0.961675	0.517600	0.517600	0.517600	0.517600	0.517600	
0.764656	0.439474	0.517600	0.494870	0.961675	0.961675	0.651501	0.961675	0.517600	0.517600	0.961675	0.961675	0.961675	0.961675	0.517600	0.961675	0.351790	0.961675	0.517600	0.517600	
0.912300	0.343620	0.084111	0.961675	0.494870	0.835199	0.961675	0.961675	0.961675	0.961675	0.961675	0.351790	0.351790	0.517600	0.517600	0.573635	0.961675	0.961675	0.961675	0.961675	
0.834117	0.517600	0.961675	0.961675	0.961675	0.961675	0.961675	0.336475	0.336475	0.517600	0.517600	0.517600	0.961675	0.660962	0.573635	0.517600	0.517600	0.961675	0.517600	0.517600	
0.439474	0.517600	0.835199	0.961675	0.271793	0.961675	0.171923	0.961675	0.961675	0.961675	0.517600	0.961675	0.961675	0.961675	0.961675	0.961675	0.517600	0.961675	0.573635	0.517600	
0.324422	0.835199	0.071038	0.961675	0.961675	0.961675	0.970991	0.961675	0.961675	0.517600	0.517600	0.961675	0.961675	0.961675	0.961675	0.517600	0.961675	0.517600	0.961675	0.961675	
0.332792	0.521120	0.474927	0.961675	0.517600	0.494870	0.961675	0.517600	0.517600	0.067703	0.961675	0.961675	0.961675	0.961675	0.961675	0.551610	0.517600	0.961675	0.961675	0.517600	
0.126464	0.474927	0.460700	0.961675	0.539652	0.961675	0.961675	0.961675	0.010813	0.961675	0.189692	0.189692	0.961675	0.517600	0.961675	0.961675	0.961675	0.961675	0.961675	0.573635	
0.474927	0.460700	0.680362	0.961675	0.961675	0.336475	0.961675	0.758921	0.961675	0.396845	0.961675	0.961675	0.189692	0.961675	0.517600	0.961675	0.961675	0.517600	0.517600	0.517600	
0.757376	0.232374	0.266902	0.961675	0.835199	0.961675	0.539652	0.517600	0.973761	0.961675	0.961675	0.961675	0.961675	0.961675	0.762978	0.517600	0.961675	0.573635	0.961675	0.961675	
0.108447	0.835199	0.271793	0.961675	0.961675	0.651501	0.762979	0.961675	0.961675	0.961675	0.517600	0.961675	0.961675	0.961675	0.351790	0.961675	0.517600	0.961675	0.517600	0.961675	
0.494870	0.304342	0.835199	0.517600	0.973761	0.460700	0.961675	0.517600	0.961675	0.517600	0.961675	0.570976	0.961675	0.517600	0.961675	0.961675	0.517600	0.961675	0.517600	0.961675	
