0.463205	0.378510	0.556888	0.378510	0.378510	0.405663	0.378510	0.378510	0.378510	0.378510	0.378510	0.378510	0.378510	0.378510	0.378510	0.378510	0.378510	0.378510	0.378510	0.378510	
0.070738	0.681073	0.463205	0.463205	0.378510	0.681073	0.378510	0.556888	0.021942	0.378510	0.378510	0.378510	0.378510	0.527221	0.748635	0.378510	0.378510	0.315907	0.378510	0.378510	
0.196046	0.378510	0.556888	0.463205	0.990526	0.021942	0.378510	0.527221	0.556888	0.295429	0.315907	0.378510	0.378510	0.378510	0.378510	0.378510	0.378510	0.378510	0.378510	0.378510	
0.681073	0.154573	0.378510	0.378510	0.378510	0.556888	0.021942	0.378510	0.556888	0.378510	0.527221	0.378510	0.378510	0.378510	0.069994	0.378510	0.378510	0.378510	0.315907	0.378510	
0.196668	0.686964	0.378510	0.378510	0.681073	0.099106	0.099106	0.378510	0.378510	0.378510	0.378510	0.315907	0.069994	0.069994	0.378510	0.378510	0.378510	0.378510	0.378510	0.378510	
0.556888	0.298013	0.016504	0.463205	0.021942	0.990526	0.378510	0.378510	0.021942	0.378510	0.378510	0.378510	0.527221	0.378510	0.378510	0.378510	0.315907	0.378510	0.315907	0.378510	
0.414086	0.748285	0.378510	0.955101	0.378510	0.556888	0.099106	0.405663	0.378510	0.378510	0.405663	0.021942	0.405663	0.378510	0.378510	0.330014	0.378510	0.378510	0.146804	0.378510	
0.046136	0.556888	0.378510	0.378510	0.378510	0.556888	0.556888	0.378510	0.099106	0.601217	0.378510	0.378510	0.378510	0.378510	0.378510	0.527221	0.330014	0.378510	0.378510	0.378510	
0.154573	0.291945	0.556888	0.990526	0.990526	0.556888	0.681073	0.405663	0.405663	0.378510	0.378510	0.378510	0.315907	0.378510	0.405663	0.378510	0.378510	0.378510	0.378510	0.378510	
0.304266	0.378510	0.681073	0.378510	0.463205	0.463205	0.378510	0.099106	0.378510	0.378510	0.378510	0.378510	0.378510	0.378510	0.378510	0.378510	0.378510	0.378510	0.378510	0.378510	
0.378510	0.463205	0.378510	0.463205	0.556888	0.556888	0.378510	0.021942	0.378510	0.315907	0.378510	0.527221	0.378510	0.378510	0.378510	0.378510	0.378510	0.378510	0.378510	0.315907	
0.556888	0.077431	0.463205	0.556888	0.378510	0.378510	0.378510	0.378510	0.378510	0.378510	0.378510	0.378510	0.378510	0.378510	0.315907	0.315907	0.378510	0.378510	0.378510	0.315907	
0.358103	0.154573	0.378510	0.556888	0.405663	0.378510	0.021942	0.378510	0.405663	0.378510	0.601217	0.405663	0.378510	0.378510	0.378510	0.378510	0.330014	0.378510	0.378510	0.378510	
0.463205	0.378510	0.463205	0.681073	0.099106	0.021942	0.378510	0.378510	0.601217	0.378510	0.021942	0.021942	0.378510	0.378510	0.378510	0.378510	0.378510	0.378510	0.146804	0.378510	
0.086303	0.556888	0.955101	0.154573	0.990526	0.378510	0.378510	0.378510	0.378510	0.378510	0.378510	0.069994	0.378510	0.378510	0.069994	0.378510	0.315907	0.378510	0.378510	0.378510	
0.671852	0.463205	0.463205	0.463205	0.556888	0.378510	0.378510	0.099106	0.378510	0.378510	0.378510	0.378510	0.378510	0.378510	0.202488	0.378510	0.378510	0.315907	0.378510	0.378510	
0.470947	0.463205	0.463205	0.378510	0.099106	0.990526	0.647531	0.021942	0.378510	0.378510	0.378510	0.601217	0.021942	0.378510	0.378510	0.378510	0.315907	0.378510	0.378510	0.146804	
0.990526	0.154573	0.378510	0.378510	0.378510	0.378510	0.021942	0.463205	0.378510	0.527221	0.276656	0.378510	0.378510	0.378510	0.084020	0.378510	0.378510	0.378510	0.315907	0.378510	
0.686964	0.463205	0.405663	0.378510	0.378510	0.378510	0.405663	0.378510	0.405663	0.378510	0.378510	0.378510	0.378510	0.405663	0.378510	0.330014	0.069994	0.146804	0.378510	0.378510	
0.709478	0.907703	0.990526	0.556888	0.378510	0.405663	0.405663	0.405663	0.378510	0.378510	0.021942	0.021942	0.100738	0.378510	0.378510	0.315907	0.378510	0.378510	0.378510	0.378510	
0.955101	0.031891	0.422087	0.990526	0.378510	0.378510	0.378510	0.378510	0.378510	0.378510	0.467500	0.378510	0.378510	0.378510	0.378510	0.378510	0.378510	0.315907	0.378510	0.378510	
0.405663	0.955101	0.378510	0.099106	0.463205	0.681073	0.556888	0.556888	0.378510	0.378510	0.378510	0.315907	0.378510	0.405663	0.378510	0.069994	0.378510	0.527221	0.315907	0.378510	
0.323219	0.990526	0.154573	0.378510	0.378510	0.378510	0.405663	0.378510	0.378510	0.069994	0.378510	0.378510	0.378510	0.315907	0.378510	0.378510	0.146804	0.315907	0.378510	0.146804	
0.699634	0.378510	0.378510	0.378510	0.463205	0.556888	0.378510	0.405663	0.378510	0.378510	0.378510	0.378510	0.378510	0.378510	0.378510	0.527221	0.315907	0.315907	0.378510	0.315907	
0.463205	0.556888	0.463205	0.378510	0.378510	0.378510	0.463205	0.378510	0.378510	0.378510	0.378510	0.405663	0.378510	0.378510	0.315907	0.378510	0.378510	0.146804	0.378510	0.069994	
0.154573	0.021942	0.463205	0.463205	0.556888	0.378510	0.556888	0.378510	0.069994	0.378510	0.378510	0.405663	0.021942	0.378510	0.378510	0.378510	0.527221	0.378510	0.378510	0.378510	
0.745308	0.021942	0.556888	0.378510	0.378510	0.378510	0.556888	0.021942	0.378510	0.021942	0.315907	0.405663	0.378510	0.378510	0.378510	0.378510	0.378510	0.378510	0.069994	0.378510	
0.378510	0.378510	0.196046	0.556888	0.021942	0.405663	0.378510	0.556888	0.021942	0.378510	0.601217	0.378510	0.378510	0.405663	0.378510	0.069994	0.378510	0.069994	0.146804	0.378510	
0.179930	0.378510	0.556888	0.405663	0.556888	0.378510	0.463205	0.021942	0.405663	0.601217	0.601217	0.378510	0.021942	0.513176	0.527221	0.378510	0.378510	0.378510	0.378510	0.378510	
0.709478	0.699634	0.099106	0.405663	0.556888	0.378510	0.021942	0.556888	0.021942	0.021942	0.405663	0.378510	0.405663	0.378510	0.378510	0.378510	0.378510	0.378510	0.378510	0.378510	
0.745308	0.556888	0.990526	0.378510	0.378510	0.378510	0.021942	0.021942	0.378510	0.378510	0.378510	0.378510	0.378510	0.378510	0.378510	0.315907	0.069994	0.378510	0.378510	0.378510	
0.358103	0.378510	0.016504	0.463205	0.405663	0.556888	0.021942	0.463205	0.556888	0.601217	0.021942	0.601217	0.378510	0.084020	0.315907	0.069994	0.378510	0.315907	0.378510	0.378510	
0.021942	0.099106	0.378510	0.378510	0.463205	0.556888	0.378510	0.099106	0.405663	0.467500	0.378510	0.378510	0.378510	0.378510	0.069994	0.378510	0.378510	0.378510	0.315907	0.378510	
0.907703	0.378510	0.378510	0.463205	0.556888	0.378510	0.378510	0.601217	0.069994	0.295429	0.601217	0.378510	0.527221	0.378510	0.748635	0.378510	0.378510	0.378510	0.378510	0.146804	
0.291945	0.298013	0.405663	0.021942	0.378510	0.405663	0.556888	0.378510	0.315907	0.378510	0.601217	0.378510	0.378510	0.378510	0.378510	0.315907	0.378510	0.378510	0.378510	0.378510	
0.154573	0.405663	0.099106	0.378510	0.378510	0.463205	0.556888	0.021942	0.378510	0.378510	0.021942	0.378510	0.378510	0.378510	0.513176	0.378510	0.378510	0.378510	0.527898	0.378510	
0.016504	0.422087	0.378510	0.556888	0.463205	0.021942	0.405663	0.556888	0.527221	0.378510	0.315907	0.021942	0.378510	0.202488	0.378510	0.378510	0.527221	0.044605	0.378510	0.378510	
0.378510	0.990526	0.378510	0.463205	0.378510	0.378510	0.556888	0.378510	0.378510	0.378510	0.405663	0.378510	0.405663	0.378510	0.378510	0.378510	0.378510	0.146804	0.315907	0.378510	
0.121914	0.196046	0.556888	0.990526	0.378510	0.463205	0.378510	0.069994	0.378510	0.014968	0.405663	0.405663	0.378510	0.378510	0.378510	0.315907	0.378510	0.315907	0.378510	0.315907	
0.304266	0.077431	0.021942	0.556888	0.378510	0.378510	0.378510	0.378510	0.472294	0.405663	0.021942	0.601217	0.378510	0.378510	0.378510	0.378510	0.378510	0.378510	0.378510	0.378510	
0.545323	0.016504	0.955101	0.378510	0.556888	0.556888	0.378510	0.378510	0.378510	0.378510	0.378510	0.378510	0.378510	0.378510	0.378510	0.378510	0.378510	0.527221	0.378510	0.378510	
0.748285	0.021942	0.378510	0.378510	0.378510	0.378510	0.378510	0.099106	0.295429	0.315907	0.378510	0.021942	0.513176	0.315907	0.378510	0.378510	0.378510	0.378510	0.378510	0.146804	
0.077431	0.709478	0.291945	0.556888	0.463205	0.378510	0.378510	0.378510	0.378510	0.527221	0.378510	0.378510	0.378510	0.748635	0.378510	0.146804	0.378510	0.378510	0.378510	0.378510	
0.258309	0.291945	0.463205	0.378510	0.378510	0.378510	0.556888	0.378510	0.601217	0.021942	0.378510	0.378510	0.601217	0.378510	0.330014	0.378510	0.378510	0.378510	0.378510	0.378510	
0.699634	0.121914	0.463205	0.378510	0.405663	0.647531	0.378510	0.021942	0.021942	0.378510	0.069994	0.378510	0.378510	0.378510	0.378510	0.069994	0.378510	0.378510	0.378510	0.378510	
0.031891	0.463205	0.463205	0.378510	0.681073	0.378510	0.463205	0.378510	0.021942	0.405663	0.378510	0.378510	0.405663	0.378510	0.527221	0.378510	0.378510	0.378510	0.146804	0.378510	
0.298013	0.463205	0.990526	0.378510	0.378510	0.099106	0.527221	0.378510	0.378510	0.378510	0.378510	0.527221	0.378510	0.378510	0.378510	0.378510	0.378510	0.315907	0.146804	0.378510	
0.046136	0.154573	0.556888	0.378510	0.556888	0.556888	0.681073	0.405663	0.099106	0.276656	0.378510	0.100738	0.378510	0.378510	0.378510	0.378510	0.378510	0.378510	0.378510	0.146804	
0.125487	0.556888	0.463205	0.378510	0.378510	0.405663	0.556888	0.378510	0.378510	0.405663	0.378510	0.513176	0.378510	0.021942	0.378510	0.378510	0.315907	0.378510	0.378510	0.179197	
0.556888	0.709478	0.556888	0.405663	0.099106	0.463205	0.463205	0.021942	0.378510	0.378510	0.378510	0.378510	0.069994	0.378510	0.378510	0.527221	0.315907	0.378510	0.378510	0.378510	
