0.989819	0.978321	0.674828	0.978321	0.978321	0.058885	0.978321	0.978321	0.978321	0.978321	0.978321	0.978321	0.978321	0.978321	0.978321	0.978321	0.978321	0.978321	0.978321	0.978321	
0.883061	0.473964	0.989819	0.989819	0.978321	0.473964	0.978321	0.550090	0.674828	0.978321	0.978321	0.978321	0.978321	0.376945	0.978321	0.978321	0.978321	0.978321	0.978321	0.978321	
0.375565	0.978321	0.674828	0.989819	0.978321	0.654137	0.978321	0.978321	0.550090	0.040198	0.058885	0.978321	0.978321	0.686575	0.978321	0.978321	0.978321	0.978321	0.978321	0.978321	
0.473964	0.040198	0.978321	0.978321	0.978321	0.550090	0.654137	0.674828	0.674828	0.978321	0.376945	0.978321	0.978321	0.978321	0.978321	0.978321	0.978321	0.978321	0.636163	0.978321	
0.487770	0.599611	0.978321	0.978321	0.473964	0.040198	0.040198	0.978321	0.978321	0.978321	0.978321	0.058885	0.978321	0.978321	0.978321	0.978321	0.978321	0.978321	0.978321	0.978321	
0.674828	0.434808	0.388790	0.989819	0.674828	0.222144	0.978321	0.978321	0.654137	0.978321	0.978321	0.978321	0.376945	0.978321	0.891621	0.978321	0.978321	0.978321	0.978321	0.978321	
0.862471	0.108011	0.978321	0.674828	0.978321	0.360229	0.040198	0.058885	0.978321	0.978321	0.058885	0.654137	0.978321	0.978321	0.978321	0.891621	0.978321	0.686575	0.978321	0.978321	
0.165261	0.674828	0.978321	0.978321	0.978321	0.978321	0.674828	0.978321	0.040198	0.978321	0.978321	0.978321	0.978321	0.978321	0.978321	0.376945	0.891621	0.978321	0.978321	0.978321	
0.040198	0.064622	0.674828	0.222144	0.222144	0.674828	0.473964	0.058885	0.058885	0.978321	0.978321	0.978321	0.058885	0.978321	0.978321	0.978321	0.686575	0.978321	0.978321	0.978321	
0.573373	0.978321	0.473964	0.978321	0.434808	0.989819	0.978321	0.040198	0.978321	0.978321	0.978321	0.978321	0.978321	0.978321	0.686575	0.978321	0.978321	0.978321	0.978321	0.978321	
0.978321	0.434808	0.978321	0.989819	0.674828	0.674828	0.674828	0.654137	0.978321	0.058885	0.978321	0.376945	0.978321	0.978321	0.978321	0.978321	0.978321	0.978321	0.978321	0.978321	
0.674828	0.789852	0.989819	0.674828	0.978321	0.978321	0.978321	0.058885	0.978321	0.978321	0.978321	0.978321	0.978321	0.978321	0.058885	0.978321	0.978321	0.978321	0.978321	0.058885	
0.628193	0.040198	0.978321	0.674828	0.058885	0.978321	0.674828	0.978321	0.058885	0.978321	0.978321	0.058885	0.978321	0.978321	0.978321	0.978321	0.891621	0.978321	0.978321	0.978321	
0.989819	0.978321	0.989819	0.473964	0.040198	0.654137	0.978321	0.058885	0.978321	0.978321	0.654137	0.654137	0.978321	0.978321	0.978321	0.978321	0.978321	0.978321	0.978321	0.978321	
0.938004	0.674828	0.674828	0.040198	0.222144	0.978321	0.978321	0.419514	0.978321	0.978321	0.978321	0.978321	0.978321	0.978321	0.978321	0.686575	0.978321	0.978321	0.978321	0.978321	
0.977996	0.434808	0.989819	0.989819	0.674828	0.419514	0.058885	0.040198	0.978321	0.978321	0.978321	0.978321	0.978321	0.978321	0.978321	0.978321	0.978321	0.058885	0.978321	0.978321	
0.768262	0.989819	0.989819	0.978321	0.040198	0.978321	0.674828	0.674828	0.978321	0.978321	0.978321	0.978321	0.654137	0.978321	0.978321	0.978321	0.058885	0.978321	0.978321	0.978321	
0.562979	0.040198	0.978321	0.978321	0.978321	0.058885	0.654137	0.550090	0.058885	0.978321	0.190384	0.978321	0.978321	0.978321	0.978321	0.978321	0.978321	0.978321	0.978321	0.978321	
0.599611	0.989819	0.058885	0.978321	0.978321	0.978321	0.058885	0.978321	0.058885	0.978321	0.978321	0.978321	0.978321	0.978321	0.978321	0.891621	0.978321	0.978321	0.978321	0.978321	
0.102921	0.845321	0.562979	0.674828	0.978321	0.058885	0.058885	0.058885	0.978321	0.978321	0.654137	0.654137	0.978321	0.978321	0.978321	0.058885	0.978321	0.978321	0.978321	0.201732	
0.220929	0.720395	0.434808	0.222144	0.978321	0.978321	0.978321	0.978321	0.978321	0.419514	0.978321	0.978321	0.978321	0.978321	0.978321	0.978321	0.978321	0.058885	0.978321	0.978321	
0.058885	0.674828	0.978321	0.040198	0.989819	0.473964	0.550090	0.550090	0.978321	0.978321	0.978321	0.058885	0.978321	0.058885	0.978321	0.978321	0.978321	0.376945	0.058885	0.978321	
0.108011	0.562979	0.040198	0.978321	0.978321	0.978321	0.058885	0.978321	0.978321	0.978321	0.978321	0.978321	0.978321	0.058885	0.978321	0.978321	0.978321	0.978321	0.978321	0.978321	
0.990668	0.978321	0.978321	0.978321	0.989819	0.674828	0.978321	0.058885	0.978321	0.978321	0.978321	0.978321	0.978321	0.978321	0.978321	0.376945	0.058885	0.978321	0.978321	0.978321	
0.434808	0.674828	0.989819	0.978321	0.978321	0.978321	0.989819	0.978321	0.978321	0.978321	0.978321	0.978321	0.978321	0.978321	0.058885	0.978321	0.978321	0.978321	0.978321	0.978321	
0.040198	0.654137	0.978321	0.434808	0.674828	0.978321	0.674828	0.978321	0.978321	0.978321	0.654137	0.058885	0.654137	0.978321	0.978321	0.978321	0.376945	0.978321	0.978321	0.978321	
0.077207	0.654137	0.674828	0.978321	0.978321	0.978321	0.550090	0.674828	0.978321	0.654137	0.058885	0.058885	0.978321	0.686575	0.978321	0.978321	0.978321	0.978321	0.978321	0.978321	
0.978321	0.978321	0.375565	0.674828	0.654137	0.058885	0.978321	0.674828	0.654137	0.654137	0.978321	0.978321	0.978321	0.978321	0.978321	0.978321	0.978321	0.978321	0.978321	0.978321	
0.919650	0.978321	0.674828	0.058885	0.674828	0.978321	0.989819	0.654137	0.058885	0.978321	0.978321	0.978321	0.654137	0.978321	0.376945	0.978321	0.978321	0.978321	0.978321	0.978321	
0.102921	0.435437	0.040198	0.058885	0.674828	0.978321	0.674828	0.550090	0.654137	0.654137	0.058885	0.978321	0.058885	0.978321	0.686575	0.978321	0.978321	0.978321	0.978321	0.978321	
0.077207	0.674828	0.222144	0.978321	0.978321	0.978321	0.654137	0.654137	0.419514	0.978321	0.978321	0.978321	0.978321	0.978321	0.978321	0.058885	0.978321	0.978321	0.978321	0.978321	
0.628193	0.978321	0.388790	0.989819	0.058885	0.360229	0.654137	0.989819	0.550090	0.978321	0.654137	0.050555	0.978321	0.978321	0.058885	0.978321	0.978321	0.058885	0.686575	0.978321	
0.654137	0.040198	0.978321	0.978321	0.989819	0.674828	0.978321	0.040198	0.058885	0.978321	0.978321	0.978321	0.978321	0.686575	0.978321	0.978321	0.978321	0.978321	0.978321	0.978321	
0.845321	0.978321	0.978321	0.989819	0.674828	0.978321	0.978321	0.978321	0.978321	0.040198	0.442732	0.978321	0.376945	0.978321	0.978321	0.978321	0.978321	0.978321	0.978321	0.978321	
0.064622	0.434808	0.058885	0.654137	0.978321	0.058885	0.674828	0.419514	0.058885	0.978321	0.978321	0.978321	0.978321	0.978321	0.035867	0.058885	0.978321	0.978321	0.978321	0.978321	
0.040198	0.058885	0.040198	0.978321	0.978321	0.989819	0.550090	0.674828	0.978321	0.978321	0.654137	0.978321	0.035867	0.035867	0.978321	0.978321	0.978321	0.978321	0.978321	0.256881	
0.388790	0.434808	0.978321	0.360229	0.989819	0.674828	0.058885	0.550090	0.978321	0.978321	0.058885	0.654137	0.978321	0.376945	0.978321	0.978321	0.376945	0.978321	0.978321	0.622810	
0.978321	0.222144	0.978321	0.434808	0.550090	0.978321	0.674828	0.978321	0.978321	0.978321	0.058885	0.978321	0.058885	0.891621	0.978321	0.978321	0.978321	0.978321	0.978321	0.978321	
0.973047	0.375565	0.674828	0.222144	0.978321	0.434808	0.978321	0.978321	0.978321	0.654137	0.058885	0.058885	0.978321	0.978321	0.978321	0.058885	0.978321	0.978321	0.201732	0.978321	
0.573373	0.789852	0.654137	0.674828	0.419514	0.978321	0.058885	0.978321	0.654137	0.058885	0.654137	0.442732	0.978321	0.978321	0.978321	0.035867	0.686575	0.978321	0.978321	0.978321	
0.637051	0.388790	0.674828	0.978321	0.674828	0.674828	0.978321	0.978321	0.978321	0.978321	0.978321	0.978321	0.686575	0.978321	0.978321	0.978321	0.978321	0.376945	0.978321	0.978321	
0.108011	0.654137	0.978321	0.978321	0.978321	0.978321	0.978321	0.040198	0.040198	0.058885	0.978321	0.654137	0.978321	0.058885	0.978321	0.978321	0.978321	0.978321	0.978321	0.978321	
0.789852	0.102921	0.064622	0.674828	0.434808	0.978321	0.419514	0.058885	0.978321	0.376945	0.978321	0.978321	0.978321	0.978321	0.978321	0.978321	0.978321	0.302965	0.740364	0.978321	
0.722308	0.064622	0.989819	0.978321	0.978321	0.978321	0.978321	0.978321	0.978321	0.654137	0.978321	0.978321	0.437365	0.978321	0.891621	0.978321	0.978321	0.978321	0.978321	0.978321	
0.435437	0.432624	0.434808	0.978321	0.058885	0.674828	0.978321	0.654137	0.654137	0.978321	0.978321	0.978321	0.978321	0.978321	0.978321	0.978321	0.978321	0.978321	0.978321	0.978321	
0.720395	0.989819	0.989819	0.978321	0.473964	0.978321	0.989819	0.978321	0.674828	0.058885	0.978321	0.978321	0.978321	0.978321	0.376945	0.978321	0.302965	0.978321	0.978321	0.978321	
0.434808	0.989819	0.222144	0.978321	0.978321	0.040198	0.978321	0.978321	0.190384	0.978321	0.978321	0.376945	0.978321	0.978321	0.978321	0.978321	0.978321	0.636163	0.978321	0.978321	
0.165261	0.040198	0.674828	0.978321	0.360229	0.674828	0.473964	0.058885	0.040198	0.190384	0.978321	0.978321	0.978321	0.978321	0.978321	0.978321	0.978321	0.978321	0.978321	0.978321	
0.794339	0.674828	0.434808	0.978321	0.978321	0.058885	0.674828	0.978321	0.978321	0.058885	0.978321	0.978321	0.978321	0.654137	0.686575	0.978321	0.636163	0.978321	0.978321	0.978321	
0.674828	0.175696	0.360229	0.058885	0.040198	0.989819	0.989819	0.654137	0.978321	0.978321	0.978321	0.978321	0.978321	0.978321	0.978321	0.376945	0.058885	0.978321	0.978321	0.978321	
