0.340453	0.073982	0.502665	0.073982	0.217193	0.021470	0.217193	0.073982	0.073982	0.073982	0.073982	0.021470	0.021470	0.073982	0.021470	0.021470	0.021470	0.021470	0.021470	0.021470	
0.625141	0.322661	0.021470	0.340453	0.217193	0.479688	0.073982	0.073982	0.021470	0.021470	0.073982	0.021470	0.073982	0.073982	0.073982	0.073982	0.073982	0.073982	0.073982	0.062845	
0.502665	0.073982	0.673196	0.535104	0.073982	0.021470	0.073982	0.073982	0.073982	0.288855	0.021470	0.073982	0.073982	0.073982	0.073982	0.021470	0.021470	0.073982	0.021470	0.021470	
0.322661	0.288855	0.073982	0.073982	0.073982	0.073982	0.021470	0.288855	0.502665	0.073982	0.073982	0.073982	0.073982	0.073982	0.062845	0.021470	0.021470	0.062845	0.021470	0.021470	
0.626238	0.375752	0.073982	0.217193	0.322661	0.073982	0.288855	0.217193	0.073982	0.073982	0.073982	0.021470	0.073982	0.062845	0.021470	0.021470	0.021470	0.021470	0.021470	0.021470	
0.673196	0.479688	0.535104	0.073982	0.073982	0.571923	0.073982	0.073982	0.073982	0.073982	0.021470	0.073982	0.021470	0.062845	0.073982	0.062845	0.073982	0.073982	0.021470	0.021470	
0.634891	0.486767	0.073982	0.673196	0.073982	0.557130	0.073982	0.021470	0.073982	0.073982	0.021470	0.073982	0.073982	0.021470	0.021470	0.073982	0.073982	0.073982	0.021470	0.073982	
0.021470	0.502665	0.073982	0.073982	0.073982	0.073982	0.288855	0.217193	0.073982	0.073982	0.073982	0.073982	0.073982	0.073982	0.073982	0.073982	0.073982	0.073982	0.021470	0.021470	
0.288855	0.571923	0.502665	0.340453	0.340453	0.288855	0.322661	0.021470	0.073982	0.073982	0.021470	0.073982	0.021470	0.073982	0.021470	0.073982	0.073982	0.021470	0.073982	0.021470	
0.491873	0.073982	0.322661	0.557130	0.479688	0.073982	0.217193	0.089551	0.073982	0.073982	0.073982	0.021470	0.021470	0.073982	0.021470	0.073982	0.073982	0.073982	0.021470	0.021470	
0.073982	0.479688	0.073982	0.479688	0.288855	0.502665	0.288855	0.021470	0.021470	0.021470	0.021470	0.073982	0.021470	0.073982	0.062845	0.021470	0.021470	0.021470	0.073982	0.021470	
0.810663	0.724397	0.479688	0.502665	0.073982	0.340453	0.073982	0.073982	0.073982	0.217193	0.073982	0.073982	0.021470	0.021470	0.073982	0.021470	0.021470	0.021470	0.021470	0.073982	
0.906935	0.288855	0.073982	0.073982	0.089551	0.073982	0.073982	0.073982	0.021470	0.073982	0.073982	0.021470	0.021470	0.062845	0.021470	0.021470	0.073982	0.073982	0.073982	0.073982	
0.479688	0.073982	0.479688	0.322661	0.288855	0.021470	0.217193	0.217193	0.073982	0.021470	0.021470	0.021470	0.073982	0.073982	0.073982	0.073982	0.021470	0.021470	0.021470	0.021470	
0.853173	0.673196	0.673196	0.288855	0.571923	0.073982	0.288855	0.073982	0.217193	0.073982	0.073982	0.073982	0.073982	0.021470	0.062845	0.073982	0.021470	0.021470	0.021470	0.593448	
0.288099	0.491873	0.340453	0.340453	0.073982	0.073982	0.217193	0.288855	0.073982	0.021470	0.073982	0.073982	0.073982	0.021470	0.021470	0.073982	0.073982	0.073982	0.073982	0.073982	
0.803496	0.479688	0.479688	0.073982	0.340453	0.073982	0.073982	0.073982	0.021470	0.073982	0.073982	0.073982	0.073982	0.073982	0.021470	0.021470	0.021470	0.021470	0.021470	0.021470	
0.571923	0.491873	0.073982	0.073982	0.479688	0.089551	0.021470	0.288855	0.217193	0.073982	0.073982	0.073982	0.073982	0.021470	0.073982	0.073982	0.073982	0.021470	0.472950	0.472950	
0.375752	0.340453	0.021470	0.073982	0.073982	0.217193	0.217193	0.073982	0.021470	0.073982	0.073982	0.073982	0.073982	0.073982	0.021470	0.073982	0.062845	0.021470	0.021470	0.021470	
0.751383	0.309491	0.571923	0.502665	0.073982	0.021470	0.089551	0.073982	0.073982	0.073982	0.021470	0.021470	0.073982	0.073982	0.021470	0.073982	0.021470	0.073982	0.073982	0.021470	
0.491873	0.571923	0.322661	0.571923	0.073982	0.073982	0.073982	0.217193	0.073982	0.073982	0.073982	0.021470	0.021470	0.073982	0.021470	0.021470	0.813993	0.021470	0.073982	0.021470	
0.516747	0.673196	0.479688	0.288855	0.340453	0.322661	0.288855	0.073982	0.073982	0.021470	0.073982	0.021470	0.021470	0.021470	0.021470	0.062845	0.021470	0.073982	0.073982	0.073982	
0.486767	0.571923	0.288855	0.073982	0.073982	0.073982	0.021470	0.073982	0.073982	0.073982	0.073982	0.073982	0.073982	0.073982	0.073982	0.021470	0.073982	0.021470	0.073982	0.021470	
0.326412	0.073982	0.073982	0.073982	0.479688	0.288855	0.073982	0.021470	0.217193	0.073982	0.073982	0.073982	0.021470	0.021470	0.062845	0.073982	0.073982	0.073982	0.073982	0.073982	
0.479688	0.288855	0.340453	0.479688	0.073982	0.073982	0.073982	0.073982	0.073982	0.021470	0.073982	0.073982	0.073982	0.021470	0.073982	0.021470	0.073982	0.073982	0.073982	0.073982	
0.288855	0.021470	0.322661	0.491873	0.073982	0.073982	0.073982	0.073982	0.073982	0.073982	0.021470	0.021470	0.073982	0.073982	0.021470	0.021470	0.073982	0.021470	0.073982	0.021470	
0.872384	0.021470	0.073982	0.073982	0.217193	0.073982	0.073982	0.021470	0.073982	0.021470	0.021470	0.021470	0.021470	0.073982	0.021470	0.073982	0.062845	0.021470	0.073982	0.073982	
0.073982	0.073982	0.502665	0.673196	0.021470	0.021470	0.073982	0.502665	0.021470	0.021470	0.073982	0.073982	0.073982	0.073982	0.021470	0.021470	0.073982	0.062845	0.021470	0.021470	
0.796442	0.322661	0.288855	0.571923	0.673196	0.217193	0.021470	0.073982	0.021470	0.073982	0.073982	0.073982	0.073982	0.073982	0.073982	0.073982	0.021470	0.073982	0.021470	0.021470	
0.021470	0.502555	0.673196	0.089551	0.502665	0.288855	0.021470	0.073982	0.021470	0.073982	0.021470	0.073982	0.062845	0.073982	0.073982	0.021470	0.073982	0.021470	0.062845	0.073982	
0.606144	0.810663	0.571923	0.073982	0.217193	0.073982	0.021470	0.021470	0.073982	0.073982	0.073982	0.021470	0.073982	0.021470	0.021470	0.073982	0.062845	0.073982	0.073982	0.073982	
0.906935	0.073982	0.535104	0.340453	0.571923	0.557130	0.021470	0.073982	0.073982	0.073982	0.021470	0.073982	0.062845	0.073982	0.073982	0.062845	0.073982	0.073982	0.073982	0.073982	
0.021470	0.288855	0.073982	0.479688	0.340453	0.502665	0.073982	0.073982	0.021470	0.073982	0.073982	0.021470	0.021470	0.073982	0.062845	0.021470	0.126404	0.021470	0.021470	0.021470	
0.309491	0.073982	0.217193	0.340453	0.288855	0.073982	0.073982	0.073982	0.073982	0.288855	0.073982	0.021470	0.073982	0.021470	0.073982	0.062845	0.021470	0.073982	0.328495	0.073982	
0.673196	0.479688	0.089551	0.021470	0.073982	0.021470	0.288855	0.073982	0.021470	0.073982	0.073982	0.361969	0.073982	0.073982	0.373350	0.073982	0.021470	0.515107	0.021470	0.021470	
0.288855	0.089551	0.288855	0.217193	0.073982	0.073982	0.073982	0.021470	0.073982	0.021470	0.021470	0.062845	0.073982	0.373350	0.073982	0.021470	0.021470	0.021470	0.073982	0.062845	
0.535104	0.479688	0.073982	0.557130	0.073982	0.073982	0.021470	0.288855	0.073982	0.862532	0.021470	0.073982	0.278332	0.021470	0.073982	0.073982	0.073982	0.073982	0.073982	0.021470	
0.073982	0.571923	0.073982	0.479688	0.073982	0.073982	0.073982	0.073982	0.217193	0.073982	0.021470	0.073982	0.021470	0.073982	0.021470	0.073982	0.073982	0.073982	0.073982	0.593448	
0.693344	0.502665	0.288855	0.571923	0.073982	0.479688	0.217193	0.073982	0.073982	0.021470	0.894255	0.021470	0.021470	0.073982	0.073982	0.073982	0.021470	0.472950	0.021470	0.073982	
0.380640	0.724397	0.021470	0.288855	0.073982	0.217193	0.089551	0.217193	0.021470	0.021470	0.073982	0.073982	0.073982	0.800029	0.021470	0.373350	0.073982	0.021470	0.021470	0.328495	
0.695054	0.535104	0.673196	0.073982	0.502665	0.673196	0.073982	0.073982	0.330352	0.073982	0.073982	0.073982	0.073982	0.021470	0.021470	0.021470	0.073982	0.073982	0.021470	0.073982	
0.486767	0.021470	0.073982	0.073982	0.073982	0.073982	0.825192	0.288855	0.288855	0.021470	0.021470	0.021470	0.073982	0.021470	0.021470	0.021470	0.062845	0.770506	0.593448	0.021470	
0.724397	0.021470	0.571923	0.073982	0.543488	0.073982	0.073982	0.217193	0.073982	0.073982	0.021470	0.073982	0.073982	0.073982	0.073982	0.073982	0.021470	0.021470	0.021470	0.021470	
0.649008	0.673196	0.479688	0.073982	0.073982	0.073982	0.073982	0.217193	0.073982	0.021470	0.021470	0.073982	0.073982	0.073982	0.073982	0.021470	0.073982	0.021470	0.073982	0.073982	
0.502555	0.693344	0.479688	0.073982	0.021470	0.288855	0.217193	0.021470	0.021470	0.073982	0.073982	0.073982	0.073982	0.021470	0.531570	0.062845	0.021470	0.073982	0.021470	0.021470	
0.571923	0.479688	0.340453	0.073982	0.322661	0.217193	0.073982	0.217193	0.021470	0.073982	0.073982	0.073982	0.073982	0.021470	0.073982	0.073982	0.021470	0.796927	0.073982	0.021470	
0.479688	0.340453	0.571923	0.073982	0.073982	0.288855	0.073982	0.073982	0.073982	0.073982	0.073982	0.073982	0.073982	0.073982	0.021470	0.073982	0.021470	0.021470	0.021470	0.021470	
0.941098	0.288855	0.502665	0.073982	0.557130	0.073982	0.322661	0.021470	0.089551	0.073982	0.073982	0.073982	0.073982	0.073982	0.021470	0.021470	0.073982	0.021470	0.515107	0.507139	
0.697079	0.557130	0.491873	0.073982	0.073982	0.089551	0.502665	0.073982	0.639636	0.021470	0.021470	0.073982	0.975697	0.073982	0.073982	0.813993	0.021470	0.073982	0.021470	0.021470	
0.810663	0.751383	0.557130	0.021470	0.288855	0.340453	0.073982	0.021470	0.073982	0.021470	0.073982	0.073982	0.073982	0.021470	0.073982	0.073982	0.073982	0.073982	0.021470	0.073982	
