4.272637e+00	4.193562e-01	4.074272e-01	3.738201e-01	3.738201e-01	3.738201e-01	3.738201e-01	3.659477e-01	3.659477e-01	3.659477e-01	3.659477e-01	3.640650e-01	3.640650e-01	3.640650e-01	3.565239e-01	3.565239e-01	3.496236e-01	3.450834e-01	3.450834e-01	3.450834e-01	
4.830688e-01	6.646479e-01	3.738201e-01	4.181552e-01	4.599037e-01	3.738201e-01	3.871272e-01	4.871774e-01	4.396800e-01	4.248939e-01	4.322862e-01	4.248939e-01	4.302538e-01	3.739991e-01	3.659477e-01	3.659477e-01	4.228163e-01	3.640650e-01	3.450834e-01	4.017986e-01	
1.050525e+00	5.328806e-01	4.736090e-01	4.317053e-01	4.484541e-01	5.010625e-01	4.044172e-01	3.964153e-01	3.944849e-01	3.705812e-01	3.669557e-01	3.705812e-01	4.314581e-01	3.640650e-01	3.659477e-01	3.659477e-01	3.530917e-01	3.640650e-01	3.639639e-01	3.639639e-01	
4.755018e-01	4.872959e-01	4.373804e-01	6.185715e-01	4.365764e-01	4.641930e-01	3.964153e-01	4.073226e-01	3.738201e-01	3.705812e-01	3.659477e-01	3.705812e-01	3.659477e-01	3.659477e-01	3.659477e-01	3.565239e-01	3.659477e-01	3.640650e-01	3.658297e-01	3.530917e-01	
4.852581e-01	5.081725e-01	4.674204e-01	5.302453e-01	4.360742e-01	4.360742e-01	4.228264e-01	4.321988e-01	3.749062e-01	3.738201e-01	4.127313e-01	3.738201e-01	3.705812e-01	3.659477e-01	3.640650e-01	3.659477e-01	3.530917e-01	3.665363e-01	4.017986e-01	3.450834e-01	
5.054665e-01	4.534105e-01	5.328806e-01	4.539790e-01	3.738201e-01	4.365764e-01	4.526506e-01	3.738201e-01	3.738201e-01	4.073226e-01	4.073226e-01	3.705812e-01	3.739991e-01	3.659477e-01	3.705812e-01	3.750779e-01	3.705812e-01	3.530917e-01	3.489737e-01	3.534994e-01	
3.108716e+00	5.054665e-01	4.755018e-01	3.936969e-01	4.193562e-01	3.964153e-01	4.073226e-01	3.738201e-01	3.705812e-01	3.659477e-01	3.705812e-01	3.659477e-01	3.659477e-01	3.659477e-01	3.705812e-01	3.659477e-01	3.639639e-01	3.530917e-01	3.640650e-01	3.657533e-01	
6.498571e-01	4.306510e-01	7.625078e-01	4.989512e-01	3.881159e-01	4.327791e-01	4.336684e-01	3.738201e-01	3.659477e-01	3.738201e-01	3.749062e-01	3.705812e-01	3.705812e-01	3.640650e-01	3.659477e-01	3.659477e-01	3.659477e-01	3.750779e-01	3.450834e-01	3.536445e-01	
9.381490e-01	4.830688e-01	4.642339e-01	4.685359e-01	3.785917e-01	3.738201e-01	4.360742e-01	3.964153e-01	3.738201e-01	3.749062e-01	3.705812e-01	3.659477e-01	4.199333e-01	3.659477e-01	3.659477e-01	3.659477e-01	3.659477e-01	3.658297e-01	3.588774e-01	3.640650e-01	
9.871565e-01	6.476801e-01	4.571623e-01	4.223471e-01	3.738201e-01	4.599037e-01	3.738201e-01	3.659477e-01	3.738201e-01	3.738201e-01	3.705812e-01	3.659477e-01	3.705812e-01	3.640650e-01	4.248939e-01	3.659477e-01	3.658297e-01	3.640650e-01	3.640650e-01	3.579619e-01	
8.369648e-01	4.755018e-01	4.798799e-01	3.738201e-01	4.630647e-01	4.336684e-01	4.509793e-01	3.738201e-01	4.576715e-01	3.705812e-01	3.738201e-01	3.705812e-01	3.705812e-01	3.659477e-01	3.912634e-01	3.659477e-01	3.868488e-01	3.659477e-01	3.649377e-01	3.450834e-01	
4.560283e-01	4.736090e-01	4.934226e-01	4.944982e-01	5.745938e-01	4.779061e-01	4.393305e-01	4.663966e-01	4.351961e-01	4.776062e-01	3.659477e-01	4.937153e-01	3.705812e-01	3.659477e-01	3.640650e-01	3.659477e-01	3.665363e-01	3.659477e-01	4.064079e-01	3.450834e-01	
9.545942e-01	4.989512e-01	4.181552e-01	4.674204e-01	4.864052e-01	3.738201e-01	3.659477e-01	3.738201e-01	4.381528e-01	4.008703e-01	4.008703e-01	4.008703e-01	3.659477e-01	3.659477e-01	4.858681e-01	3.639639e-01	3.659477e-01	3.489737e-01	3.450834e-01	3.640650e-01	
1.256622e+00	6.145287e-01	4.372420e-01	4.193562e-01	4.193562e-01	4.410506e-01	3.738201e-01	3.659477e-01	3.738201e-01	3.738201e-01	3.705812e-01	3.659477e-01	3.659477e-01	3.705812e-01	3.705812e-01	3.640650e-01	3.646225e-01	3.721180e-01	3.530917e-01	3.659477e-01	
1.272725e+00	4.840932e-01	6.159582e-01	4.456023e-01	4.944982e-01	4.484541e-01	4.475701e-01	4.151495e-01	4.077403e-01	4.703265e-01	4.272113e-01	4.322862e-01	3.705812e-01	3.705812e-01	3.705812e-01	3.659477e-01	3.640650e-01	3.646225e-01	3.640650e-01	3.728364e-01	
4.662312e-01	4.643968e-01	4.850738e-01	4.555838e-01	3.738201e-01	4.458829e-01	3.738201e-01	3.738201e-01	3.964153e-01	3.659477e-01	3.738201e-01	3.705812e-01	3.705812e-01	3.705812e-01	3.659477e-01	3.530917e-01	3.689778e-01	3.588774e-01	3.946546e-01	3.450834e-01	
6.519541e-01	4.514570e-01	5.016290e-01	4.373804e-01	4.410506e-01	3.738201e-01	4.024018e-01	4.220928e-01	3.880865e-01	3.880865e-01	3.880865e-01	3.705812e-01	3.705812e-01	3.659477e-01	3.659477e-01	3.530917e-01	3.640650e-01	3.659477e-01	3.450834e-01	3.658297e-01	
5.090523e-01	4.074272e-01	5.087947e-01	4.640258e-01	4.679914e-01	5.052119e-01	4.641644e-01	4.336684e-01	4.191692e-01	3.738201e-01	3.705812e-01	4.502632e-01	3.659477e-01	3.659477e-01	3.659477e-01	4.175433e-01	3.530917e-01	3.659477e-01	3.450834e-01	4.278575e-01	
6.048651e-01	4.560283e-01	5.254569e-01	4.482687e-01	4.223471e-01	4.186263e-01	4.158674e-01	4.223950e-01	3.738201e-01	4.197955e-01	4.314581e-01	3.880865e-01	3.640650e-01	3.705812e-01	3.659477e-01	3.640650e-01	3.659477e-01	3.640650e-01	3.659477e-01	3.640650e-01	
8.051858e-01	6.498571e-01	4.088025e-01	4.736090e-01	4.518661e-01	4.424049e-01	4.465407e-01	3.993768e-01	4.044172e-01	5.134431e-01	3.659477e-01	3.659477e-01	3.640650e-01	5.307928e-01	3.640650e-01	3.705812e-01	3.651655e-01	3.588774e-01	3.530917e-01	4.421742e-01	
7.891169e-01	4.181552e-01	4.514570e-01	4.299830e-01	4.610257e-01	3.738201e-01	3.960116e-01	4.236858e-01	4.309266e-01	3.998257e-01	4.073226e-01	4.181774e-01	4.297090e-01	3.705812e-01	3.659477e-01	3.705812e-01	3.659477e-01	3.646225e-01	3.659477e-01	3.649377e-01	
4.999351e-01	4.372420e-01	4.643968e-01	4.850738e-01	4.343673e-01	4.290031e-01	3.738201e-01	3.738201e-01	3.659477e-01	3.659477e-01	3.659477e-01	4.322862e-01	3.705812e-01	4.287236e-01	3.659477e-01	3.659477e-01	3.659477e-01	3.705812e-01	3.640650e-01	3.659477e-01	
3.159837e+00	4.626546e-01	4.417003e-01	3.962440e-01	4.327791e-01	4.410506e-01	4.223471e-01	3.738201e-01	3.738201e-01	3.738201e-01	3.659477e-01	3.659477e-01	3.659477e-01	4.264424e-01	3.659477e-01	3.705812e-01	3.659477e-01	3.530917e-01	3.659477e-01	3.450834e-01	
5.068502e-01	5.254569e-01	4.872959e-01	4.518661e-01	4.676046e-01	4.223471e-01	3.738201e-01	3.738201e-01	3.659477e-01	3.659477e-01	3.659477e-01	3.659477e-01	3.659477e-01	3.705812e-01	3.646225e-01	3.659477e-01	3.750779e-01	3.670328e-01	3.640650e-01	3.450834e-01	
5.036455e-01	5.795932e-01	4.228322e-01	4.824795e-01	5.056850e-01	4.676046e-01	4.680598e-01	3.998257e-01	4.073226e-01	4.409148e-01	3.738201e-01	3.659477e-01	4.554949e-01	3.659477e-01	3.659477e-01	3.659477e-01	3.640650e-01	3.659477e-01	3.640650e-01	3.530917e-01	
1.496446e+00	4.814977e-01	3.936969e-01	4.408119e-01	4.158674e-01	4.285259e-01	4.424049e-01	4.158674e-01	3.738201e-01	3.738201e-01	3.738201e-01	4.314581e-01	3.669557e-01	3.659477e-01	3.705812e-01	3.659477e-01	3.721180e-01	3.761545e-01	3.640650e-01	3.659477e-01	
4.767201e-01	4.958223e-01	3.962440e-01	5.077120e-01	4.736090e-01	3.993768e-01	5.352772e-01	4.044172e-01	4.073226e-01	3.738201e-01	3.705812e-01	3.659477e-01	3.659477e-01	3.705812e-01	3.640650e-01	3.868488e-01	3.659477e-01	3.640650e-01	3.926224e-01	3.640650e-01	
4.193562e-01	5.036442e-01	4.176511e-01	4.634793e-01	4.424049e-01	3.881159e-01	4.777688e-01	4.363232e-01	3.738201e-01	4.181774e-01	4.509417e-01	5.184054e-01	3.659477e-01	3.738201e-01	3.659477e-01	3.530917e-01	3.640650e-01	3.659477e-01	4.521024e-01	3.450834e-01	
4.603594e-01	4.696194e-01	4.300810e-01	5.068729e-01	4.315471e-01	8.935895e-01	4.041894e-01	4.912243e-01	5.134431e-01	3.659477e-01	3.659477e-01	4.509417e-01	3.738201e-01	4.248939e-01	3.659477e-01	3.659477e-01	3.659477e-01	3.659477e-01	3.489737e-01	3.588774e-01	
4.928394e-01	4.798799e-01	4.555838e-01	4.424049e-01	4.341943e-01	3.852254e-01	4.191692e-01	4.502632e-01	4.336684e-01	3.738201e-01	3.738201e-01	3.659477e-01	3.659477e-01	3.640650e-01	3.659477e-01	3.640650e-01	3.646225e-01	3.450834e-01	3.750779e-01	3.659477e-01	
5.081725e-01	4.685359e-01	4.514570e-01	5.846698e-01	3.738201e-01	4.465407e-01	4.024018e-01	5.327387e-01	4.201971e-01	3.964153e-01	4.653996e-01	3.705812e-01	3.705812e-01	3.912634e-01	4.264424e-01	3.639639e-01	3.659477e-01	3.659477e-01	3.670328e-01	3.750779e-01	
5.902688e-01	5.026614e-01	4.731786e-01	4.514570e-01	4.299830e-01	5.058534e-01	3.993768e-01	4.424049e-01	3.738201e-01	3.659477e-01	3.738201e-01	3.659477e-01	4.858532e-01	4.470633e-01	3.705812e-01	3.689778e-01	3.761545e-01	3.640650e-01	3.657533e-01	3.486159e-01	
2.022172e+00	4.560283e-01	4.989512e-01	4.947376e-01	4.648367e-01	4.640258e-01	4.083659e-01	4.378733e-01	4.082852e-01	5.130454e-01	5.119580e-01	5.130454e-01	4.315471e-01	3.659477e-01	4.020530e-01	3.659477e-01	3.659477e-01	4.217576e-01	4.709009e-01	4.821107e-01	
4.958223e-01	4.662312e-01	4.863108e-01	4.555838e-01	4.824795e-01	5.039215e-01	4.223471e-01	4.223471e-01	3.738201e-01	3.738201e-01	3.738201e-01	3.659477e-01	4.287236e-01	3.705812e-01	3.639639e-01	4.797156e-01	5.185384e-01	3.946546e-01	3.660894e-01	3.640650e-01	
5.328806e-01	5.084631e-01	7.741655e-01	5.415288e-01	4.848509e-01	4.315471e-01	3.881159e-01	4.191692e-01	3.998257e-01	4.073226e-01	4.181774e-01	3.705812e-01	4.477011e-01	3.640650e-01	3.926224e-01	4.028387e-01	3.649377e-01	3.649377e-01	3.728364e-01	3.647582e-01	
8.100451e-01	4.767201e-01	4.643968e-01	4.864632e-01	4.211628e-01	4.531911e-01	4.424049e-01	4.158674e-01	3.738201e-01	3.738201e-01	3.738201e-01	4.314581e-01	3.705812e-01	4.088852e-01	4.255064e-01	4.374969e-01	5.302091e-01	4.989443e-01	3.639639e-01	4.709009e-01	
4.814977e-01	6.312796e-01	4.223471e-01	4.325375e-01	4.272558e-01	4.630647e-01	1.338464e+00	8.786143e-01	6.777206e-01	9.608863e-01	8.854335e-01	8.693271e-01	5.062011e-01	4.264424e-01	3.659477e-01	3.705812e-01	3.659477e-01	3.750779e-01	3.534994e-01	3.660894e-01	
7.615794e-01	4.642339e-01	4.202667e-01	5.306992e-01	4.475701e-01	5.936235e-01	4.151495e-01	4.361429e-01	4.517013e-01	4.243007e-01	3.640650e-01	4.137029e-01	4.079540e-01	3.659477e-01	4.212439e-01	5.182728e-01	3.640650e-01	5.120022e-01	3.659477e-01	3.730180e-01	
4.685359e-01	5.131745e-01	4.848509e-01	5.067484e-01	5.124387e-01	3.767545e-01	4.757006e-01	3.881159e-01	4.228799e-01	4.973559e-01	4.079540e-01	4.315471e-01	3.705812e-01	5.307928e-01	3.659477e-01	4.306570e-01	3.938164e-01	5.156878e-01	3.759502e-01	3.450834e-01	
1.143485e+00	4.736682e-01	5.302453e-01	4.727542e-01	4.193562e-01	4.475701e-01	4.295146e-01	4.295146e-01	3.862583e-01	3.862583e-01	3.862583e-01	4.127767e-01	3.659477e-01	3.669557e-01	3.659477e-01	3.659477e-01	3.670328e-01	4.017986e-01	3.588774e-01	3.534994e-01	
2.126918e+00	4.315471e-01	4.940980e-01	3.738201e-01	3.738201e-01	4.191692e-01	3.738201e-01	3.871272e-01	3.964153e-01	3.944849e-01	3.705812e-01	3.669557e-01	3.659477e-01	3.659477e-01	3.819693e-01	3.640650e-01	4.868260e-01	3.659477e-01	3.450834e-01	3.530917e-01	
5.083011e-01	1.119205e+00	5.122197e-01	4.315471e-01	4.186263e-01	3.738201e-01	4.158674e-01	4.814666e-01	3.880865e-01	3.880865e-01	3.880865e-01	3.705812e-01	3.654562e-01	3.659477e-01	3.659477e-01	3.659477e-01	4.228163e-01	3.450834e-01	4.094944e-01	5.283954e-01	
3.680146e+00	6.104400e-01	4.315471e-01	4.391127e-01	4.452396e-01	8.693271e-01	4.220928e-01	4.410063e-01	4.197955e-01	4.792110e-01	4.886471e-01	4.885933e-01	4.274361e-01	5.044719e-01	5.182728e-01	4.619995e-01	3.918962e-01	5.138148e-01	3.659477e-01	3.530917e-01	
4.538909e-01	4.674204e-01	4.470933e-01	4.193562e-01	6.080115e-01	4.024018e-01	4.814666e-01	3.880865e-01	4.569398e-01	4.788128e-01	4.484019e-01	4.127855e-01	3.705812e-01	4.952292e-01	3.659477e-01	4.405817e-01	3.659477e-01	3.659477e-01	5.075766e-01	3.534994e-01	
5.899270e-01	4.848509e-01	4.408119e-01	4.342213e-01	4.458829e-01	4.158674e-01	4.223950e-01	4.794222e-01	4.794222e-01	4.314581e-01	4.314581e-01	4.314581e-01	3.910025e-01	3.705812e-01	3.750779e-01	6.020874e-01	3.588774e-01	3.496236e-01	3.658349e-01	4.152433e-01	
6.312796e-01	5.090558e-01	4.801723e-01	4.966796e-01	6.021957e-01	4.211628e-01	4.410506e-01	3.738201e-01	3.738201e-01	3.738201e-01	4.008703e-01	4.008703e-01	4.217576e-01	3.565239e-01	4.065862e-01	3.496236e-01	3.450834e-01	3.639639e-01	3.536445e-01	3.588774e-01	
1.620019e+00	9.509694e-01	4.752827e-01	4.630647e-01	5.221207e-01	4.393305e-01	4.073226e-01	4.073226e-01	4.634027e-01	3.659477e-01	4.073226e-01	4.199333e-01	3.659477e-01	3.705812e-01	4.190953e-01	3.659477e-01	4.299781e-01	4.294619e-01	6.145354e-01	4.952292e-01	
4.643968e-01	6.712488e-01	4.806698e-01	4.223471e-01	5.370007e-01	4.652131e-01	4.456280e-01	4.776062e-01	4.776062e-01	4.592621e-01	4.223773e-01	4.776062e-01	3.705812e-01	3.659477e-01	4.175433e-01	3.899751e-01	3.659477e-01	3.640650e-01	4.290462e-01	4.850398e-01	
4.696394e-01	4.470933e-01	4.193562e-01	4.848509e-01	5.039215e-01	4.516801e-01	3.738201e-01	3.738201e-01	3.659477e-01	3.964153e-01	3.659477e-01	3.738201e-01	5.046011e-01	4.328443e-01	4.683745e-01	3.651655e-01	5.118509e-01	6.240095e-01	4.467515e-01	4.496957e-01	
5.131745e-01	5.016290e-01	4.958223e-01	4.408119e-01	4.630647e-01	4.460924e-01	4.460924e-01	4.460924e-01	4.460924e-01	4.460924e-01	4.460924e-01	3.659477e-01	4.952292e-01	4.858681e-01	4.210974e-01	4.228163e-01	3.639639e-01	4.079540e-01	3.640650e-01	6.223925e-01	
